1
0
2
3
76
77
79
82
80
87
83
85
86
89
92
139
141
140
142
144
145
149
148
150
151
159
152
168
170
162
176
181
186
191
197
205
200
209
214
220
229
232
224
243
238
251
245
258
261
268
272
277
281
288
286
297
309
303
312
319
326
330
336
342
348
351
361
356
369
381
372
385
392
398
407
402
413
418
426
430
440
436
446
455
454
461
466
479
473
483
487
501
493
513
506
521
518
527
534
538
547
553
559
561
568
573
579
578
590
585
599
616
603
618
627
625
633
646
649
675
688
693
694
698
701
706
709
717
722
725
737
740
731
747
746
751
0
2
3
1
68
64
78
79
80
82
81
86
84
87
92
96
102
111
106
121
118
124
131
135
139
143
148
152
157
159
168
177
173
183
186
197
189
200
199
214
209
219
223
228
232
243
238
249
259
252
268
263
269
275
278
282
294
289
302
298
307
312
320
318
324
329
337
343
345
357
351
362
366
376
369
381
391
384
396
404
399
408
412
416
421
429
424
434
442
437
446
449
457
460
468
465
473
478
484
489
498
492
502
505
510
513
524
519
532
529
537
542
546
548
554
562
565
559
570
574
583
578
588
597
592
608
601
609
616
621
626
630
636
639
644
650
652
657
662
666
677
672
682
685
694
687
698
702
706
710
717
719
724
729
738
734
742
745
749
761
755
765
769
774
777
784
788
792
796
806
802
816
810
819
826
829
834
842
845
849
856
863
858
867
877
870
882
886
892
897
906
902
914
911
924
919
927
932
941
937
946
956
952
960
965
972
970
982
985
994
991
1003
999
1007
1018
1012
1024
1028
1027
1043
1038
1052
1047
1056
1058
1063
1073
1067
1078
1085
1081
1089
1100
1106
1096
1109
1119
1115
1128
1124
1133
1138
1143
1148
1153
1162
1156
1172
1167
1176
1180
1187
1191
1196
1200
1205
1212
1214
1219
1227
1234
1302
1255
1313
1318
1321
1327
1333
1338
1348
1343
1353
1358
1365
1367
1373
1382
1378
1392
1387
1397
1402
1405
1415
1411
1424
1427
1433
1439
1441
1447
1453
1462
1464
1456
1468
1473
1479
1484
1488
1493
1503
1498
1508
1509
1523
1520
1532
1527
1537
1542
1547
1552
1556
1560
1566
1571
1575
1584
1580
1587
1594
1599
1603
1608
1612
1617
1619
1626
1630
1634
1639
1644
1649
1657
1651
1662
1673
1667
1677
1684
1678
1686
1695
1691
1700
1705
1709
1715
1719
1725
1726
1731
1737
1741
1745
1751
1756
